"DESCRIPTION","DURATION IN MS","NAME","PARENT SUITE","START TIME","STATUS","STOP TIME","SUB SUITE","SUITE","TEST CLASS","TEST METHOD"
"","3966","CliKintoneTest-62 Should import the records successfully with --encoding option is utf8.","","Fri Nov 22 12:20:05 GMT 2024","passed","Fri Nov 22 12:20:09 GMT 2024","","CliKintoneTest-62 Should import the records successfully with --encoding option is utf8.","",""
"","1","should throw an Error if specified field does not exist","userSelected","Fri Nov 22 12:15:45 GMT 2024","passed","Fri Nov 22 12:15:45 GMT 2024","","","",""
"","1","[22] convert USER_SELECT field correctly","convertFieldValue","Fri Nov 22 12:15:43 GMT 2024","passed","Fri Nov 22 12:15:43 GMT 2024","","","",""
"","5228","CliKintoneTest-129 Should delete all records of a specified app","","Fri Nov 22 12:17:28 GMT 2024","passed","Fri Nov 22 12:17:33 GMT 2024","","CliKintoneTest-129 Should delete all records of a specified app","",""
"","1","[25] convert ORGANIZATION_SELECT field correctly","convertFieldValue","Fri Nov 22 12:15:43 GMT 2024","passed","Fri Nov 22 12:15:43 GMT 2024","","","",""
"","1316","CliKintoneTest-102 Should return the error message when exporting records with --fields specified, including existent and non-existent field codes.","","Fri Nov 22 12:19:02 GMT 2024","passed","Fri Nov 22 12:19:04 GMT 2024","","CliKintoneTest-102 Should return the error message when exporting records with --fields specified, including existent and non-existent field codes.","",""
"","4","should throw error when the record number field code is not found","ParserError","Fri Nov 22 12:15:50 GMT 2024","passed","Fri Nov 22 12:15:50 GMT 2024","","","",""
"","1","[16] convert MULTI_SELECT field correctly","convertFieldValue","Fri Nov 22 12:15:43 GMT 2024","passed","Fri Nov 22 12:15:43 GMT 2024","","","",""
"","0","should pass (input: 123, appCode: , result: false)","hasAppCode","Fri Nov 22 12:15:49 GMT 2024","passed","Fri Nov 22 12:15:49 GMT 2024","","","",""
"","1","should display INFO message when calling logger with ""info"" level","StandardLogger","Fri Nov 22 12:15:44 GMT 2024","passed","Fri Nov 22 12:15:44 GMT 2024","","","",""
"","2","should return error message","AddRecordsError","Fri Nov 22 12:15:45 GMT 2024","passed","Fri Nov 22 12:15:45 GMT 2024","","","",""
"","668","CliKintoneTest-131 Should return the error message when deleting records with two valid API Token.","","Fri Nov 22 12:17:34 GMT 2024","passed","Fri Nov 22 12:17:35 GMT 2024","","CliKintoneTest-131 Should return the error message when deleting records with two valid API Token.","",""
"","32","invalid `https-url`","validate","Fri Nov 22 12:15:49 GMT 2024","passed","Fri Nov 22 12:15:49 GMT 2024","","","",""
"","1","should return the delete query correctly","Record command","Fri Nov 22 12:15:44 GMT 2024","passed","Fri Nov 22 12:15:44 GMT 2024","","Valid parameters","",""
"","5","should throw error when update key field is not unique","upsertRecords","Fri Nov 22 12:15:43 GMT 2024","passed","Fri Nov 22 12:15:43 GMT 2024","","","",""
"","2","should convert kintone records to csv string correctly when SUBTABLE included with attachmentsDir option","csvStringifier","Fri Nov 22 12:15:45 GMT 2024","passed","Fri Nov 22 12:15:45 GMT 2024","","","",""
"","1","should be constructed with CsvError","ParserError","Fri Nov 22 12:15:50 GMT 2024","passed","Fri Nov 22 12:15:50 GMT 2024","","","",""
"","1","[3] convert UPDATED_TIME field correctly","convertFieldValue","Fri Nov 22 12:15:43 GMT 2024","passed","Fri Nov 22 12:15:43 GMT 2024","","","",""
"","3213","CliKintoneTest-33 Should import the records successfully with --attachments-dir specified and no attachment field.","","Fri Nov 22 12:17:52 GMT 2024","passed","Fri Nov 22 12:17:55 GMT 2024","","CliKintoneTest-33 Should import the records successfully with --attachments-dir specified and no attachment field.","",""
"","2","the exported privateKey is the same as original privateKey","PrivateKey","Fri Nov 22 12:15:49 GMT 2024","passed","Fri Nov 22 12:15:49 GMT 2024","","","",""
"","11215","CliKintoneTest-47 Should upsert the records successfully with --update-key is a Number field.","","Fri Nov 22 12:19:19 GMT 2024","passed","Fri Nov 22 12:19:30 GMT 2024","","CliKintoneTest-47 Should upsert the records successfully with --update-key is a Number field.","",""
"","1","should pass (input: App-123, appCode: App, result: true)","hasAppCode","Fri Nov 22 12:15:49 GMT 2024","passed","Fri Nov 22 12:15:49 GMT 2024","","","",""
"","1","should emit deprecation warning message","stability","Fri Nov 22 12:15:46 GMT 2024","passed","Fri Nov 22 12:15:46 GMT 2024","","emitDeprecationWarning","",""
"","0","should pass (input: 1, appCode: App, result: false)","hasAppCode","Fri Nov 22 12:15:49 GMT 2024","passed","Fri Nov 22 12:15:49 GMT 2024","","","",""
"","5845","CliKintoneTest-169 Should not delete the records when specifying other than Y, n in the confirmation prompt.","","Fri Nov 22 12:19:15 GMT 2024","passed","Fri Nov 22 12:19:21 GMT 2024","","CliKintoneTest-169 Should not delete the records when specifying other than Y, n in the confirmation prompt.","",""
"","1","should generate file correctly with baseDir","File Generator functions","Fri Nov 22 12:15:47 GMT 2024","passed","Fri Nov 22 12:15:47 GMT 2024","","Generate file success","",""
"","126","CliKintoneTest-153 Should return the error message when specifying an encoded sjis CSV file, and --encoding option is utf8.","","Fri Nov 22 12:19:01 GMT 2024","passed","Fri Nov 22 12:19:01 GMT 2024","","CliKintoneTest-153 Should return the error message when specifying an encoded sjis CSV file, and --encoding option is utf8.","",""
"","1759","CliKintoneTest-143 Should return the error message when deleting records with incorrect App Code.","","Fri Nov 22 12:18:27 GMT 2024","passed","Fri Nov 22 12:18:29 GMT 2024","","CliKintoneTest-143 Should return the error message when deleting records with incorrect App Code.","",""
"","1","should pass parameters to the apiClient correctly","deleteRecords","Fri Nov 22 12:15:45 GMT 2024","passed","Fri Nov 22 12:15:45 GMT 2024","","","",""
"","3","should throw error when attachmentsDir is NOT given","addRecords","Fri Nov 22 12:15:42 GMT 2024","passed","Fri Nov 22 12:15:42 GMT 2024","","","",""
"","0","[20] convert DATETIME field correctly","convertFieldValue","Fri Nov 22 12:15:43 GMT 2024","passed","Fri Nov 22 12:15:43 GMT 2024","","","",""
"","704","CliKintoneTest-154 Should return the error message when specifying an encoded utf8 CSV file, and --encoding option is sjis.","","Fri Nov 22 12:19:01 GMT 2024","passed","Fri Nov 22 12:19:02 GMT 2024","","CliKintoneTest-154 Should return the error message when specifying an encoded utf8 CSV file, and --encoding option is sjis.","",""
"","4396","CliKintoneTest-99 Should return the error message when exporting the record with invalid order by query.","","Fri Nov 22 12:18:49 GMT 2024","passed","Fri Nov 22 12:18:53 GMT 2024","","CliKintoneTest-99 Should return the error message when exporting the record with invalid order by query.","",""
"","4432","CliKintoneTest-96 Should return the error message when exporting the record with invalid condition query.","","Fri Nov 22 12:18:35 GMT 2024","passed","Fri Nov 22 12:18:39 GMT 2024","","CliKintoneTest-96 Should return the error message when exporting the record with invalid condition query.","",""
"","0","[13] convert FILE field correctly","convertFieldValue","Fri Nov 22 12:15:43 GMT 2024","passed","Fri Nov 22 12:15:43 GMT 2024","","","",""
"","4546","CliKintoneTest-100 Should return the record contents when exporting the record with --fields specified.","","Fri Nov 22 12:18:53 GMT 2024","passed","Fri Nov 22 12:18:58 GMT 2024","","CliKintoneTest-100 Should return the record contents when exporting the record with --fields specified.","",""
"","0","should display FATAL message when calling logger with ""fatal"" level","StandardLogger","Fri Nov 22 12:15:44 GMT 2024","passed","Fri Nov 22 12:15:44 GMT 2024","","","",""
"","4537","CliKintoneTest-88 Should return the record contents in CSV format with -u and --password options.","","Fri Nov 22 12:17:41 GMT 2024","passed","Fri Nov 22 12:17:46 GMT 2024","","CliKintoneTest-88 Should return the record contents in CSV format with -u and --password options.","",""
"","3572","CliKintoneTest-49 Should return the error message when upserting with an unsupported field.","","Fri Nov 22 12:19:33 GMT 2024","passed","Fri Nov 22 12:19:37 GMT 2024","","CliKintoneTest-49 Should return the error message when upserting with an unsupported field.","",""
"","2","should throw error when update key field does not exist on input record","upsertRecords","Fri Nov 22 12:15:43 GMT 2024","passed","Fri Nov 22 12:15:43 GMT 2024","","","",""
"","2010","CliKintoneTest-54 Should return the error message when importing records with --fields specified, including fields within a table.","","Fri Nov 22 12:19:52 GMT 2024","passed","Fri Nov 22 12:19:54 GMT 2024","","CliKintoneTest-54 Should return the error message when importing records with --fields specified, including fields within a table.","",""
"","658","CliKintoneTest-133 Should return the error message when deleting records with valid and invalid API Tokens.","","Fri Nov 22 12:17:40 GMT 2024","passed","Fri Nov 22 12:17:40 GMT 2024","","CliKintoneTest-133 Should return the error message when deleting records with valid and invalid API Tokens.","",""
"","1392","CliKintoneTest-20 Should return the error message when the user has no privilege to add records.","","Fri Nov 22 12:17:17 GMT 2024","passed","Fri Nov 22 12:17:18 GMT 2024","","CliKintoneTest-20 Should return the error message when the user has no privilege to add records.","",""
"","8790","CliKintoneTest-93 Should return the record contents and download attachments successfully with attachments in a record.","","Fri Nov 22 12:18:14 GMT 2024","passed","Fri Nov 22 12:18:23 GMT 2024","","CliKintoneTest-93 Should return the record contents and download attachments successfully with attachments in a record.","",""
"","12999","CliKintoneTest-38 Should import the records successfully with multiple attachments on different fields in a record.","","Fri Nov 22 12:18:17 GMT 2024","passed","Fri Nov 22 12:18:30 GMT 2024","","CliKintoneTest-38 Should import the records successfully with multiple attachments on different fields in a record.","",""
"","2","should convert kintone records to csv string correctly when FILE included and without attachmentsDir option","csvStringifier","Fri Nov 22 12:15:45 GMT 2024","passed","Fri Nov 22 12:15:45 GMT 2024","","","",""
"","690","CliKintoneTest-12 Should return the error message when the app doesn't exist","","Fri Nov 22 12:17:14 GMT 2024","passed","Fri Nov 22 12:17:15 GMT 2024","","CliKintoneTest-12 Should return the error message when the app doesn't exist","",""
"","27","invalid `relative-path`","validate","Fri Nov 22 12:15:49 GMT 2024","passed","Fri Nov 22 12:15:49 GMT 2024","","","",""
"","742","CliKintoneTest-138 Should return the error message when deleting records with an unsupported file.","","Fri Nov 22 12:17:51 GMT 2024","passed","Fri Nov 22 12:17:52 GMT 2024","","CliKintoneTest-138 Should return the error message when deleting records with an unsupported file.","",""
"","1","should set ""error"" to the log config level when log-level argument is ""error""","logHandler","Fri Nov 22 12:15:49 GMT 2024","passed","Fri Nov 22 12:15:49 GMT 2024","","","",""
"","2","should convert csv string to JSON correctly (LF)","parseCsv","Fri Nov 22 12:15:47 GMT 2024","passed","Fri Nov 22 12:15:47 GMT 2024","","","",""
"","4515","CliKintoneTest-95 Should return the record contents with valid condition query.","","Fri Nov 22 12:18:30 GMT 2024","passed","Fri Nov 22 12:18:35 GMT 2024","","CliKintoneTest-95 Should return the record contents with valid condition query.","",""
"","3079","CliKintoneTest-29 Should return the error message when updating records with an API Token without View/Edit permission.","","Fri Nov 22 12:17:35 GMT 2024","passed","Fri Nov 22 12:17:38 GMT 2024","","CliKintoneTest-29 Should return the error message when updating records with an API Token without View/Edit permission.","",""
"","5","should not fail","deleteAllRecords","Fri Nov 22 12:15:45 GMT 2024","passed","Fri Nov 22 12:15:45 GMT 2024","","","",""
"","3383","CliKintoneTest-48 Should return the error message when upserting with a non-prohibit duplicate values Number field.","","Fri Nov 22 12:19:30 GMT 2024","passed","Fri Nov 22 12:19:33 GMT 2024","","CliKintoneTest-48 Should return the error message when upserting with a non-prohibit duplicate values Number field.","",""
"","1380","CliKintoneTest-77 Should return the error message when importing with empty input for the required field.","","Fri Nov 22 12:20:32 GMT 2024","passed","Fri Nov 22 12:20:33 GMT 2024","","CliKintoneTest-77 Should return the error message when importing with empty input for the required field.","",""
"","1","[15] convert MODIFIER field correctly","convertFieldValue","Fri Nov 22 12:15:43 GMT 2024","passed","Fri Nov 22 12:15:43 GMT 2024","","","",""
"","661","CliKintoneTest-24 Should return the error message when importing records with draft API Token.","","Fri Nov 22 12:17:27 GMT 2024","passed","Fri Nov 22 12:17:28 GMT 2024","","CliKintoneTest-24 Should return the error message when importing records with draft API Token.","",""
"","2","should upsert records correctly with number","upsertRecords","Fri Nov 22 12:15:43 GMT 2024","passed","Fri Nov 22 12:15:43 GMT 2024","","","",""
"","1","should pass parameters to the apiClient correctly","deleteAllRecords","Fri Nov 22 12:15:45 GMT 2024","passed","Fri Nov 22 12:15:45 GMT 2024","","","",""
"","2","should includes a Record Number field","addRecords","Fri Nov 22 12:15:42 GMT 2024","passed","Fri Nov 22 12:15:42 GMT 2024","","","",""
"","2","[0] convert RECORD_NUMBER field correctly","convertFieldValue","Fri Nov 22 12:15:43 GMT 2024","passed","Fri Nov 22 12:15:43 GMT 2024","","","",""
"","1","can iterate from data source with index","withIndexIterator","Fri Nov 22 12:15:43 GMT 2024","passed","Fri Nov 22 12:15:43 GMT 2024","","","",""
"","2","should throw error because the record number is invalid","upsertRecords","Fri Nov 22 12:15:43 GMT 2024","passed","Fri Nov 22 12:15:43 GMT 2024","","","",""
"","2138","CliKintoneTest-61 Should return the error message when the guest space does not exist.","","Fri Nov 22 12:20:03 GMT 2024","passed","Fri Nov 22 12:20:05 GMT 2024","","CliKintoneTest-61 Should return the error message when the guest space does not exist.","",""
"","5790","CliKintoneTest-168 Should delete the records when specifying ""Y"" in the confirmation prompt.","","Fri Nov 22 12:19:09 GMT 2024","passed","Fri Nov 22 12:19:15 GMT 2024","","CliKintoneTest-168 Should delete the records when specifying ""Y"" in the confirmation prompt.","",""
"","6","should throw an Error if specified field is in a Table field","userSelected","Fri Nov 22 12:15:45 GMT 2024","passed","Fri Nov 22 12:15:45 GMT 2024","","","",""
"","10653","CliKintoneTest-142 Should delete the records of the app that have set the App Code, and the Record_number does not contain the App Code.","","Fri Nov 22 12:18:16 GMT 2024","passed","Fri Nov 22 12:18:27 GMT 2024","","CliKintoneTest-142 Should delete the records of the app that have set the App Code, and the Record_number does not contain the App Code.","",""
"","1","[18] convert TIME field correctly","convertFieldValue","Fri Nov 22 12:15:43 GMT 2024","passed","Fri Nov 22 12:15:43 GMT 2024","","","",""
"","79","manifest v1","ContentsZip","Fri Nov 22 12:15:44 GMT 2024","passed","Fri Nov 22 12:15:44 GMT 2024","","should be able to create ContentsZip from a plugin directory","",""
"","110","CliKintoneTest-4 Should return the help description by --help","","Fri Nov 22 12:17:13 GMT 2024","passed","Fri Nov 22 12:17:13 GMT 2024","","CliKintoneTest-4 Should return the help description by --help","",""
"","47","throws an error if the contents.zip is invalid","ContentsZip","Fri Nov 22 12:15:44 GMT 2024","passed","Fri Nov 22 12:15:44 GMT 2024","","invalid contents.zip","",""
"","42","invalid `url`","validate","Fri Nov 22 12:15:49 GMT 2024","passed","Fri Nov 22 12:15:49 GMT 2024","","","",""
"","665","CliKintoneTest-25 Should return the error message when importing records with two valid API Token.","","Fri Nov 22 12:17:28 GMT 2024","passed","Fri Nov 22 12:17:29 GMT 2024","","CliKintoneTest-25 Should return the error message when importing records with two valid API Token.","",""
"","1","should display DEBUG message when calling logger with ""debug"" level","StandardLogger","Fri Nov 22 12:15:44 GMT 2024","passed","Fri Nov 22 12:15:44 GMT 2024","","","",""
"","1","[11] convert DATETIME field correctly","convertFieldValue","Fri Nov 22 12:15:43 GMT 2024","passed","Fri Nov 22 12:15:43 GMT 2024","","","",""
"","1","should upsert records correctly with non-updatable fields","upsertRecords","Fri Nov 22 12:15:43 GMT 2024","passed","Fri Nov 22 12:15:43 GMT 2024","","","",""
"","1","should throw error because the record numbers are mixed with those with and without app code","upsertRecords","Fri Nov 22 12:15:43 GMT 2024","passed","Fri Nov 22 12:15:43 GMT 2024","","","",""
"","12812","CliKintoneTest-39 Should import the records successfully with multiple attachments on different records.","","Fri Nov 22 12:18:30 GMT 2024","passed","Fri Nov 22 12:18:43 GMT 2024","","CliKintoneTest-39 Should import the records successfully with multiple attachments on different records.","",""
"","1","userSelected should create schema correctly with updateKey","createSchema","Fri Nov 22 12:15:50 GMT 2024","passed","Fri Nov 22 12:15:50 GMT 2024","","","",""
"","1","string","hex2a","Fri Nov 22 12:15:50 GMT 2024","passed","Fri Nov 22 12:15:50 GMT 2024","","","",""
"","4652","CliKintoneTest-26 Should import the records successfully with two valid API Token in different apps.","","Fri Nov 22 12:17:29 GMT 2024","passed","Fri Nov 22 12:17:33 GMT 2024","","CliKintoneTest-26 Should import the records successfully with two valid API Token in different apps.","",""
"","1","[9] convert CHECK_BOX field correctly","convertFieldValue","Fri Nov 22 12:15:43 GMT 2024","passed","Fri Nov 22 12:15:43 GMT 2024","","","",""
"","1","should convert kintone records to csv string correctly when SUBTABLE included without attachmentsDir option","csvStringifier","Fri Nov 22 12:15:45 GMT 2024","passed","Fri Nov 22 12:15:45 GMT 2024","","","",""
"","658","CliKintoneTest-17 Should return the error message when the user information is incorrect","","Fri Nov 22 12:17:17 GMT 2024","passed","Fri Nov 22 12:17:18 GMT 2024","","CliKintoneTest-17 Should return the error message when the user information is incorrect","",""
"","11240","CliKintoneTest-44 Should upsert the records successfully with --update-key, a Record_number field.","","Fri Nov 22 12:18:53 GMT 2024","passed","Fri Nov 22 12:19:04 GMT 2024","","CliKintoneTest-44 Should upsert the records successfully with --update-key, a Record_number field.","",""
"","3408","CliKintoneTest-46 Should return the error message when upserting with a non-prohibit duplicate values Text field.","","Fri Nov 22 12:19:15 GMT 2024","passed","Fri Nov 22 12:19:19 GMT 2024","","CliKintoneTest-46 Should return the error message when upserting with a non-prohibit duplicate values Text field.","",""
"","2","can read utf8 encoded csv file correctly","readFile","Fri Nov 22 12:15:49 GMT 2024","passed","Fri Nov 22 12:15:49 GMT 2024","","","",""
"","322","should throw error when no commands are passed","main","Fri Nov 22 12:15:46 GMT 2024","passed","Fri Nov 22 12:15:46 GMT 2024","","","",""
"","5794","CliKintoneTest-128 Should delete records when specifying an API Token and including username/password.","","Fri Nov 22 12:17:22 GMT 2024","passed","Fri Nov 22 12:17:28 GMT 2024","","CliKintoneTest-128 Should delete records when specifying an API Token and including username/password.","",""
"","1","should prioritize username and password over apiToken","api","Fri Nov 22 12:15:42 GMT 2024","passed","Fri Nov 22 12:15:42 GMT 2024","","","",""
"","2","should emit experimental warning message","stability","Fri Nov 22 12:15:46 GMT 2024","passed","Fri Nov 22 12:15:46 GMT 2024","","emitExperimentalWarning","",""
"","0","should return FALSE if two buffers are different","Helper functions","Fri Nov 22 12:15:44 GMT 2024","passed","Fri Nov 22 12:15:44 GMT 2024","","compareBuffers","",""
"","1949","CliKintoneTest-53 Should return the error message when importing records with --fields specified, including existent and non-existent field codes.","","Fri Nov 22 12:19:50 GMT 2024","passed","Fri Nov 22 12:19:52 GMT 2024","","CliKintoneTest-53 Should return the error message when importing records with --fields specified, including existent and non-existent field codes.","",""
"","1","should pass information of client certificate to the apiClient correctly","api","Fri Nov 22 12:15:42 GMT 2024","passed","Fri Nov 22 12:15:42 GMT 2024","","","",""
"","3","should upload files correctly when attachmentsDir is given","addRecords","Fri Nov 22 12:15:42 GMT 2024","passed","Fri Nov 22 12:15:42 GMT 2024","","","",""
"","1","[20] convert FILE field correctly","convertFieldValue","Fri Nov 22 12:15:43 GMT 2024","passed","Fri Nov 22 12:15:43 GMT 2024","","","",""
"","0","[27] convert GROUP_SELECT field correctly","convertFieldValue","Fri Nov 22 12:15:43 GMT 2024","passed","Fri Nov 22 12:15:43 GMT 2024","","","",""
"","2","should return the correct record number from CSV without subtable","parseCsv","Fri Nov 22 12:15:50 GMT 2024","passed","Fri Nov 22 12:15:50 GMT 2024","","","",""
"","6","should throw error when missing subcommand","Record command","Fri Nov 22 12:15:44 GMT 2024","passed","Fri Nov 22 12:15:44 GMT 2024","","Missing required parameters","",""
"","0","[26] convert GROUP_SELECT field correctly","convertFieldValue","Fri Nov 22 12:15:43 GMT 2024","passed","Fri Nov 22 12:15:43 GMT 2024","","","",""
"","1","should convert kintone records to csv string correctly when SUBTABLE value is an empty array","csvStringifier","Fri Nov 22 12:15:45 GMT 2024","passed","Fri Nov 22 12:15:45 GMT 2024","","","",""
"","4450","CliKintoneTest-51 Should import the records successfully with --fields specified.","","Fri Nov 22 12:19:41 GMT 2024","passed","Fri Nov 22 12:19:46 GMT 2024","","CliKintoneTest-51 Should import the records successfully with --fields specified.","",""
"","1","should pass basic auth params to the apiClient correctly","api","Fri Nov 22 12:15:42 GMT 2024","passed","Fri Nov 22 12:15:42 GMT 2024","","","",""
"","11297","CliKintoneTest-45 Should upsert the records successfully with --update-key is a Text field.","","Fri Nov 22 12:19:04 GMT 2024","passed","Fri Nov 22 12:19:15 GMT 2024","","CliKintoneTest-45 Should upsert the records successfully with --update-key is a Text field.","",""
"","2","should throw error when unsupported field is passed as update key","upsertRecords","Fri Nov 22 12:15:43 GMT 2024","passed","Fri Nov 22 12:15:43 GMT 2024","","","",""
"","3","should throw error when API response is error","deleteRecords","Fri Nov 22 12:15:45 GMT 2024","passed","Fri Nov 22 12:15:45 GMT 2024","","","",""
"","120","CliKintoneTest-136 Should return the error message when deleting records with a lacking value of --file-path option.","","Fri Nov 22 12:17:51 GMT 2024","passed","Fri Nov 22 12:17:51 GMT 2024","","CliKintoneTest-136 Should return the error message when deleting records with a lacking value of --file-path option.","",""
"","4","should return distinct local files from the manifest","sourceListV2","Fri Nov 22 12:15:45 GMT 2024","passed","Fri Nov 22 12:15:45 GMT 2024","","","",""
"","7","should generate file correctly","File Generator functions","Fri Nov 22 12:15:47 GMT 2024","passed","Fri Nov 22 12:15:47 GMT 2024","","Generate file success","",""
"","4373","CliKintoneTest-111 Should return the record contents when exporting the record with --encoding option is utf8.","","Fri Nov 22 12:19:14 GMT 2024","passed","Fri Nov 22 12:19:18 GMT 2024","","CliKintoneTest-111 Should return the record contents when exporting the record with --encoding option is utf8.","",""
"","3928","CliKintoneTest-55 Should import the records successfully with --fields specified, including field code of the table.","","Fri Nov 22 12:19:54 GMT 2024","passed","Fri Nov 22 12:19:58 GMT 2024","","CliKintoneTest-55 Should import the records successfully with --fields specified, including field code of the table.","",""
"","90","can generate uuid with correct length","PrivateKey","Fri Nov 22 12:15:49 GMT 2024","passed","Fri Nov 22 12:15:49 GMT 2024","","","",""
"","1","[1] convert SINGLE_LINE_TEXT field correctly","convertFieldValue","Fri Nov 22 12:15:43 GMT 2024","passed","Fri Nov 22 12:15:43 GMT 2024","","","",""
"","5","should throw with invalid error (input: App-123, appCode: )","hasAppCode","Fri Nov 22 12:15:49 GMT 2024","passed","Fri Nov 22 12:15:49 GMT 2024","","","",""
"","4584","CliKintoneTest-32 Should import the records successfully with username and password (-p option).","","Fri Nov 22 12:17:47 GMT 2024","passed","Fri Nov 22 12:17:52 GMT 2024","","CliKintoneTest-32 Should import the records successfully with username and password (-p option).","",""
"","118","CliKintoneTest-10 Should return the error message when lacking of --app option","","Fri Nov 22 12:17:14 GMT 2024","passed","Fri Nov 22 12:17:14 GMT 2024","","CliKintoneTest-10 Should return the error message when lacking of --app option","",""
"","658","CliKintoneTest-84 Should return the error message when exporting the record with duplicated API Tokens in same app.","","Fri Nov 22 12:17:31 GMT 2024","passed","Fri Nov 22 12:17:32 GMT 2024","","CliKintoneTest-84 Should return the error message when exporting the record with duplicated API Tokens in same app.","",""
"","2","should throw an Error if specified field does not exist","userSelected","Fri Nov 22 12:15:44 GMT 2024","passed","Fri Nov 22 12:15:44 GMT 2024","","","",""
"","2","should be constructed with string cause","ParserError","Fri Nov 22 12:15:50 GMT 2024","passed","Fri Nov 22 12:15:50 GMT 2024","","","",""
"","1210","CliKintoneTest-103 Should return the error message when exporting records with --fields specified, including fields within a table.","","Fri Nov 22 12:19:04 GMT 2024","passed","Fri Nov 22 12:19:05 GMT 2024","","CliKintoneTest-103 Should return the error message when exporting records with --fields specified, including fields within a table.","",""
"","3","should set ""debug"" to the log config level when verbose argument is true","logHandler","Fri Nov 22 12:15:49 GMT 2024","passed","Fri Nov 22 12:15:49 GMT 2024","","","",""
"","14","should pass parameters to the apiClient correctly (without orderBy)","getAllRecords","Fri Nov 22 12:15:44 GMT 2024","passed","Fri Nov 22 12:15:44 GMT 2024","","","",""
"","0","[6] convert MULTI_LINE_TEXT field correctly","convertFieldValue","Fri Nov 22 12:15:43 GMT 2024","passed","Fri Nov 22 12:15:43 GMT 2024","","","",""
"","4607","CliKintoneTest-63 Should import the records successfully with --encoding option is sjis.","","Fri Nov 22 12:20:09 GMT 2024","passed","Fri Nov 22 12:20:13 GMT 2024","","CliKintoneTest-63 Should import the records successfully with --encoding option is sjis.","",""
"","10649","CliKintoneTest-151 Should delete the records successfully with an encoded utf8 CSV file, and --encoding option is utf8.","","Fri Nov 22 12:18:40 GMT 2024","passed","Fri Nov 22 12:18:51 GMT 2024","","CliKintoneTest-151 Should delete the records successfully with an encoded utf8 CSV file, and --encoding option is utf8.","",""
"","326","should throw error when an undefined argument is passed","main","Fri Nov 22 12:15:46 GMT 2024","passed","Fri Nov 22 12:15:47 GMT 2024","","","",""
"","0","[12] convert DATE field correctly","convertFieldValue","Fri Nov 22 12:15:43 GMT 2024","passed","Fri Nov 22 12:15:43 GMT 2024","","","",""
"","651","CliKintoneTest-86 Should return the error message when exporting the record with multiple API tokens, including a valid API token and an invalid API token.","","Fri Nov 22 12:17:36 GMT 2024","passed","Fri Nov 22 12:17:37 GMT 2024","","CliKintoneTest-86 Should return the error message when exporting the record with multiple API tokens, including a valid API token and an invalid API token.","",""
"","4524","CliKintoneTest-50 Should return the error message when upserting with an API Token without Edit permission.","","Fri Nov 22 12:19:37 GMT 2024","passed","Fri Nov 22 12:19:41 GMT 2024","","CliKintoneTest-50 Should return the error message when upserting with an API Token without Edit permission.","",""
"","7574","CliKintoneTest-94 Should return the record contents and download attachments successfully with a TXT file.","","Fri Nov 22 12:18:23 GMT 2024","passed","Fri Nov 22 12:18:30 GMT 2024","","CliKintoneTest-94 Should return the record contents and download attachments successfully with a TXT file.","",""
"","1","[3] convert MULTI_LINE_TEXT field correctly","convertFieldValue","Fri Nov 22 12:15:43 GMT 2024","passed","Fri Nov 22 12:15:43 GMT 2024","","","",""
"","2","should throw error when the field specified in schema does not exist on input record","upsertRecords","Fri Nov 22 12:15:43 GMT 2024","passed","Fri Nov 22 12:15:43 GMT 2024","","","",""
"","168","the zip passes signature verification","PluginZip","Fri Nov 22 12:15:48 GMT 2024","passed","Fri Nov 22 12:15:48 GMT 2024","","","",""
"","3","throws error if format is JSON and encoding is not 'utf8'","readFile","Fri Nov 22 12:15:49 GMT 2024","passed","Fri Nov 22 12:15:49 GMT 2024","","","",""
"","1","should return the export query correctly","Record command","Fri Nov 22 12:15:44 GMT 2024","passed","Fri Nov 22 12:15:44 GMT 2024","","Valid parameters","",""
"","1","[23] convert USER_SELECT field correctly","convertFieldValue","Fri Nov 22 12:15:43 GMT 2024","passed","Fri Nov 22 12:15:43 GMT 2024","","","",""
"","2","should be constructed with string cause","ParserError","Fri Nov 22 12:15:50 GMT 2024","passed","Fri Nov 22 12:15:50 GMT 2024","","","",""
"","122","CliKintoneTest-3 Should return the cli-kintone version in correct format when using `cli-kintone --version`","","Fri Nov 22 12:17:13 GMT 2024","passed","Fri Nov 22 12:17:13 GMT 2024","","CliKintoneTest-3 Should return the cli-kintone version in correct format when using `cli-kintone --version`","",""
"","109","CliKintoneTest-9 Should return the error message when the baseUrl is not URL format","","Fri Nov 22 12:17:14 GMT 2024","passed","Fri Nov 22 12:17:14 GMT 2024","","CliKintoneTest-9 Should return the error message when the baseUrl is not URL format","",""
"","1","[25] convert GROUP_SELECT field correctly","convertFieldValue","Fri Nov 22 12:15:43 GMT 2024","passed","Fri Nov 22 12:15:43 GMT 2024","","","",""
"","1","[14] convert FILE field correctly","convertFieldValue","Fri Nov 22 12:15:43 GMT 2024","passed","Fri Nov 22 12:15:43 GMT 2024","","","",""
"","2","toStringCause should output the correct sentence. (inner: CliKintoneError)","CliKintoneError","Fri Nov 22 12:15:43 GMT 2024","passed","Fri Nov 22 12:15:43 GMT 2024","","","",""
"","0","[28] convert STATUS field correctly","convertFieldValue","Fri Nov 22 12:15:43 GMT 2024","passed","Fri Nov 22 12:15:43 GMT 2024","","","",""
"","0","should display the correct log message with multiple lines message","StandardLogger","Fri Nov 22 12:15:44 GMT 2024","passed","Fri Nov 22 12:15:44 GMT 2024","","","",""
"","4534","CliKintoneTest-21 Should import records to app in space successfully.","","Fri Nov 22 12:17:18 GMT 2024","passed","Fri Nov 22 12:17:23 GMT 2024","","CliKintoneTest-21 Should import records to app in space successfully.","",""
"","1","should generate fieldCode array correctly (data with subtable)","buildHeaderFields","Fri Nov 22 12:15:45 GMT 2024","passed","Fri Nov 22 12:15:45 GMT 2024","","","",""
"","122","CliKintoneTest-41 Should return the error message when lacking of --file-path option.","","Fri Nov 22 12:18:52 GMT 2024","passed","Fri Nov 22 12:18:52 GMT 2024","","CliKintoneTest-41 Should return the error message when lacking of --file-path option.","",""
"","325","should throw error when required arguments are missing","main","Fri Nov 22 12:15:47 GMT 2024","passed","Fri Nov 22 12:15:47 GMT 2024","","","",""
"","0","[14] convert CREATOR field correctly","convertFieldValue","Fri Nov 22 12:15:43 GMT 2024","passed","Fri Nov 22 12:15:43 GMT 2024","","","",""
"","1","should throw an Error if specified field is not supported","userSelected","Fri Nov 22 12:15:44 GMT 2024","passed","Fri Nov 22 12:15:44 GMT 2024","","","",""
"","0","[22] convert USER_SELECT field correctly","convertFieldValue","Fri Nov 22 12:15:43 GMT 2024","passed","Fri Nov 22 12:15:43 GMT 2024","","","",""
"","7","should convert csv string to JSON correctly","parseCsv","Fri Nov 22 12:15:47 GMT 2024","passed","Fri Nov 22 12:15:47 GMT 2024","","","",""
"","0","[23] convert ORGANIZATION_SELECT field correctly","convertFieldValue","Fri Nov 22 12:15:43 GMT 2024","passed","Fri Nov 22 12:15:43 GMT 2024","","","",""
"","4502","CliKintoneTest-89 Should return the record contents in CSV format with --username and -p options.","","Fri Nov 22 12:17:46 GMT 2024","passed","Fri Nov 22 12:17:50 GMT 2024","","CliKintoneTest-89 Should return the record contents in CSV format with --username and -p options.","",""
"","1","[24] convert ORGANIZATION_SELECT field correctly","convertFieldValue","Fri Nov 22 12:15:43 GMT 2024","passed","Fri Nov 22 12:15:43 GMT 2024","","","",""
"","0","[29] convert STATUS_ASSIGNEE field correctly","convertFieldValue","Fri Nov 22 12:15:43 GMT 2024","passed","Fri Nov 22 12:15:43 GMT 2024","","","",""
"","1","[17] convert CHECK_BOX field correctly","convertFieldValue","Fri Nov 22 12:15:43 GMT 2024","passed","Fri Nov 22 12:15:43 GMT 2024","","","",""
"","4515","CliKintoneTest-22 Should import records to app with --api-token and --username, --password successfully.","","Fri Nov 22 12:17:23 GMT 2024","passed","Fri Nov 22 12:17:27 GMT 2024","","CliKintoneTest-22 Should import records to app with --api-token and --username, --password successfully.","",""
"","1","should return the import query correctly","Record command","Fri Nov 22 12:15:44 GMT 2024","passed","Fri Nov 22 12:15:44 GMT 2024","","Valid parameters","",""
"","717","CliKintoneTest-150 Should return the error message when deleting records with incorrect guest space ID.","","Fri Nov 22 12:18:39 GMT 2024","passed","Fri Nov 22 12:18:40 GMT 2024","","CliKintoneTest-150 Should return the error message when deleting records with incorrect guest space ID.","",""
"","2","should pass apiToken to the apiClient correctly","api","Fri Nov 22 12:15:42 GMT 2024","passed","Fri Nov 22 12:15:42 GMT 2024","","","",""
"","1","should filter http(s) path","sourcelist","Fri Nov 22 12:15:44 GMT 2024","passed","Fri Nov 22 12:15:44 GMT 2024","","","",""
"","11","should detect the mismatch encoding correctly","isMismatchEncoding","Fri Nov 22 12:15:50 GMT 2024","passed","Fri Nov 22 12:15:50 GMT 2024","","","",""
"","1","should convert empty array to csv string correctly","csvStringifier","Fri Nov 22 12:15:45 GMT 2024","passed","Fri Nov 22 12:15:45 GMT 2024","","","",""
"","4593","CliKintoneTest-87 Should return the record contents in CSV format with --username and --password options.","","Fri Nov 22 12:17:37 GMT 2024","passed","Fri Nov 22 12:17:41 GMT 2024","","CliKintoneTest-87 Should return the record contents in CSV format with --username and --password options.","",""
"","3","should show progress logs correctly","ProgressLogger","Fri Nov 22 12:15:45 GMT 2024","passed","Fri Nov 22 12:15:45 GMT 2024","","","",""
"","1","toStringCause should output the correct sentence. (inner: KintoneRestAPIError with GAIA_IL23)","CliKintoneError","Fri Nov 22 12:15:43 GMT 2024","passed","Fri Nov 22 12:15:43 GMT 2024","","","",""
"","7461","CliKintoneTest-91 Should return the record contents and download attachments successfully to a non-existent directory.","","Fri Nov 22 12:17:58 GMT 2024","passed","Fri Nov 22 12:18:05 GMT 2024","","CliKintoneTest-91 Should return the record contents and download attachments successfully to a non-existent directory.","",""
"","0","should return TRUE if two buffers are the same","Helper functions","Fri Nov 22 12:15:44 GMT 2024","passed","Fri Nov 22 12:15:44 GMT 2024","","compareBuffers","",""
"","1","[30] convert SUBTABLE field correctly","convertFieldValue","Fri Nov 22 12:15:43 GMT 2024","passed","Fri Nov 22 12:15:43 GMT 2024","","","",""
"","7502","CliKintoneTest-90 Should return the record contents and download attachments successfully to an existing directory.","","Fri Nov 22 12:17:50 GMT 2024","passed","Fri Nov 22 12:17:58 GMT 2024","","CliKintoneTest-90 Should return the record contents and download attachments successfully to an existing directory.","",""
"","4580","CliKintoneTest-85 Should return the record contents with two valid API tokens in different apps.","","Fri Nov 22 12:17:32 GMT 2024","passed","Fri Nov 22 12:17:36 GMT 2024","","CliKintoneTest-85 Should return the record contents with two valid API tokens in different apps.","",""
"","0","[13] convert TIME field correctly","convertFieldValue","Fri Nov 22 12:15:43 GMT 2024","passed","Fri Nov 22 12:15:43 GMT 2024","","","",""
"","34","manifest v2","ContentsZip","Fri Nov 22 12:15:44 GMT 2024","passed","Fri Nov 22 12:15:44 GMT 2024","","should be able to create ContentsZip from a plugin directory","",""
"","10743","CliKintoneTest-141 Should delete the records of the app that have set the App Code, and the Record_number contains the App Code.","","Fri Nov 22 12:18:05 GMT 2024","passed","Fri Nov 22 12:18:16 GMT 2024","","CliKintoneTest-141 Should delete the records of the app that have set the App Code, and the Record_number contains the App Code.","",""
"","1","should upsert records correctly with a Record Number field even if the Record Number field isn't specified as update key","upsertRecords","Fri Nov 22 12:15:43 GMT 2024","passed","Fri Nov 22 12:15:43 GMT 2024","","","",""
"","4","should convert multiple subtables included csv string to JSON correctly","parseCsv","Fri Nov 22 12:15:47 GMT 2024","passed","Fri Nov 22 12:15:47 GMT 2024","","","",""
"","1","can separate date source by group and chunked","groupByKeyChunked","Fri Nov 22 12:15:43 GMT 2024","passed","Fri Nov 22 12:15:43 GMT 2024","","","",""
"","126","CliKintoneTest-155 Should return the error message when specifying an unsupported encoding.","","Fri Nov 22 12:19:02 GMT 2024","passed","Fri Nov 22 12:19:02 GMT 2024","","CliKintoneTest-155 Should return the error message when specifying an unsupported encoding.","",""
"","125","CliKintoneTest-43 Should return the error message when importing a non-existent CSV file.","","Fri Nov 22 12:18:52 GMT 2024","passed","Fri Nov 22 12:18:53 GMT 2024","","CliKintoneTest-43 Should return the error message when importing a non-existent CSV file.","",""
"","5","can download files to a specified directory","getRecords","Fri Nov 22 12:15:42 GMT 2024","passed","Fri Nov 22 12:15:42 GMT 2024","","","",""
"","1","[17] convert DATE field correctly","convertFieldValue","Fri Nov 22 12:15:43 GMT 2024","passed","Fri Nov 22 12:15:43 GMT 2024","","","",""
"","2","should throw error when the field in table specified in schema does not exist on input record","upsertRecords","Fri Nov 22 12:15:43 GMT 2024","passed","Fri Nov 22 12:15:43 GMT 2024","","","",""
"","0","should display WARN message when calling logger with ""warn"" level","StandardLogger","Fri Nov 22 12:15:44 GMT 2024","passed","Fri Nov 22 12:15:44 GMT 2024","","","",""
"","2","should upsert records correctly with single line text","upsertRecords","Fri Nov 22 12:15:43 GMT 2024","passed","Fri Nov 22 12:15:43 GMT 2024","","","",""
"","3","can download files in subtable to a specified directory","getRecords","Fri Nov 22 12:15:42 GMT 2024","passed","Fri Nov 22 12:15:42 GMT 2024","","","",""
"","1","[6] convert LINK field correctly","convertFieldValue","Fri Nov 22 12:15:43 GMT 2024","passed","Fri Nov 22 12:15:43 GMT 2024","","","",""
"","183","CliKintoneTest-1 Should return the error message when specifying unknown option","","Fri Nov 22 12:17:13 GMT 2024","passed","Fri Nov 22 12:17:13 GMT 2024","","CliKintoneTest-1 Should return the error message when specifying unknown option","",""
"","1","should convert kintone records to csv string correctly when FILE included and with attachmentsDir option","csvStringifier","Fri Nov 22 12:15:45 GMT 2024","passed","Fri Nov 22 12:15:45 GMT 2024","","","",""
"","4407","CliKintoneTest-76 Should import the records successfully including the Table field.","","Fri Nov 22 12:20:28 GMT 2024","passed","Fri Nov 22 12:20:32 GMT 2024","","CliKintoneTest-76 Should import the records successfully including the Table field.","",""
"","2","can separate data source by chunk","chunked","Fri Nov 22 12:15:43 GMT 2024","passed","Fri Nov 22 12:15:43 GMT 2024","","","",""
"","2","should return error message","DeleteAllRecordsError","Fri Nov 22 12:15:44 GMT 2024","passed","Fri Nov 22 12:15:44 GMT 2024","","","",""
"","1","[21] convert DATETIME field correctly","convertFieldValue","Fri Nov 22 12:15:43 GMT 2024","passed","Fri Nov 22 12:15:43 GMT 2024","","","",""
"","1950","CliKintoneTest-78 Should return the error message when the user has no privilege to view records.","","Fri Nov 22 12:17:13 GMT 2024","passed","Fri Nov 22 12:17:15 GMT 2024","","CliKintoneTest-78 Should return the error message when the user has no privilege to view records.","",""
"","1","[2] convert RADIO_BUTTON field correctly","convertFieldValue","Fri Nov 22 12:15:43 GMT 2024","passed","Fri Nov 22 12:15:43 GMT 2024","","","",""
"","1524","CliKintoneTest-64 Should return the error message when importing records with an unsupported character code.","","Fri Nov 22 12:20:13 GMT 2024","passed","Fri Nov 22 12:20:15 GMT 2024","","CliKintoneTest-64 Should return the error message when importing records with an unsupported character code.","",""
"","123","CliKintoneTest-113 Should return the error message when exporting the record with an unsupported character encoding.","","Fri Nov 22 12:19:23 GMT 2024","passed","Fri Nov 22 12:19:23 GMT 2024","","CliKintoneTest-113 Should return the error message when exporting the record with an unsupported character encoding.","",""
"","11","should not fail","addRecords","Fri Nov 22 12:15:42 GMT 2024","passed","Fri Nov 22 12:15:42 GMT 2024","","","",""
"","777","CliKintoneTest-34 Should return the error message when importing non-existent attachment.","","Fri Nov 22 12:17:55 GMT 2024","passed","Fri Nov 22 12:17:56 GMT 2024","","CliKintoneTest-34 Should return the error message when importing non-existent attachment.","",""
"","0","should not display any message when calling logger with 'none' level","StandardLogger","Fri Nov 22 12:15:44 GMT 2024","passed","Fri Nov 22 12:15:44 GMT 2024","","","",""
"","113","CliKintoneTest-8 Should return the error message when the protocol of baseUrl is not HTTPS","","Fri Nov 22 12:17:14 GMT 2024","passed","Fri Nov 22 12:17:14 GMT 2024","","CliKintoneTest-8 Should return the error message when the protocol of baseUrl is not HTTPS","",""
"","2","all fields have valid value","fieldInSubtableReader","Fri Nov 22 12:15:45 GMT 2024","passed","Fri Nov 22 12:15:45 GMT 2024","","","",""
"","1","can separate date source by group","groupByKey","Fri Nov 22 12:15:43 GMT 2024","passed","Fri Nov 22 12:15:43 GMT 2024","","","",""
"","116","CliKintoneTest-5 Should return the error message when lacking of --base-url option","","Fri Nov 22 12:17:13 GMT 2024","passed","Fri Nov 22 12:17:13 GMT 2024","","CliKintoneTest-5 Should return the error message when lacking of --base-url option","",""
"","2","should pass information of proxy server to the apiClient correctly","api","Fri Nov 22 12:15:42 GMT 2024","passed","Fri Nov 22 12:15:42 GMT 2024","","","",""
"","10","can detect file format correctly","readFile","Fri Nov 22 12:15:49 GMT 2024","passed","Fri Nov 22 12:15:49 GMT 2024","","","",""
"","737","CliKintoneTest-171 Should return the error message when the record number field code does not exist in the CSV file.","","Fri Nov 22 12:19:27 GMT 2024","passed","Fri Nov 22 12:19:28 GMT 2024","","CliKintoneTest-171 Should return the error message when the record number field code does not exist in the CSV file.","",""
"","1","userSelected should create schema correctly","createSchema","Fri Nov 22 12:15:50 GMT 2024","passed","Fri Nov 22 12:15:50 GMT 2024","","","",""
"","1","[4] convert NUMBER field correctly","convertFieldValue","Fri Nov 22 12:15:43 GMT 2024","passed","Fri Nov 22 12:15:43 GMT 2024","","","",""
"","722","CliKintoneTest-13 Should return the error message when missing the --guest-space-id option and the app is in a guest space.","","Fri Nov 22 12:17:15 GMT 2024","passed","Fri Nov 22 12:17:16 GMT 2024","","CliKintoneTest-13 Should return the error message when missing the --guest-space-id option and the app is in a guest space.","",""
"","3","should throw error when the record number is invalid","validateRecordNumbers","Fri Nov 22 12:15:45 GMT 2024","passed","Fri Nov 22 12:15:45 GMT 2024","","","",""
"","0","should set ""none"" to the log config level when log-level argument is ""none""","logHandler","Fri Nov 22 12:15:49 GMT 2024","passed","Fri Nov 22 12:15:49 GMT 2024","","","",""
"","0","[11] convert DROP_DOWN field correctly","convertFieldValue","Fri Nov 22 12:15:43 GMT 2024","passed","Fri Nov 22 12:15:43 GMT 2024","","","",""
"","3","should return error message","AddRecordsError","Fri Nov 22 12:15:43 GMT 2024","passed","Fri Nov 22 12:15:43 GMT 2024","","","",""
"","3","should return the arguments list of the record import correctly","Record - Subcommand","Fri Nov 22 12:15:45 GMT 2024","passed","Fri Nov 22 12:15:45 GMT 2024","","getArgumentsListBySubcommand","",""
"","2","should replace a special character","utils/operateFilename.ts","Fri Nov 22 12:15:50 GMT 2024","passed","Fri Nov 22 12:15:50 GMT 2024","","","",""
"","0","[5] convert NUMBER field correctly","convertFieldValue","Fri Nov 22 12:15:43 GMT 2024","passed","Fri Nov 22 12:15:43 GMT 2024","","","",""
"","2","[0] convert CREATOR field correctly","convertFieldValue","Fri Nov 22 12:15:43 GMT 2024","passed","Fri Nov 22 12:15:43 GMT 2024","","","",""
"","5199","CliKintoneTest-144 Should delete the records without the delete confirmation message when specifying the -y option.","","Fri Nov 22 12:18:29 GMT 2024","passed","Fri Nov 22 12:18:34 GMT 2024","","CliKintoneTest-144 Should delete the records without the delete confirmation message when specifying the -y option.","",""
"","0","[19] convert TIME field correctly","convertFieldValue","Fri Nov 22 12:15:43 GMT 2024","passed","Fri Nov 22 12:15:43 GMT 2024","","","",""
"","1","[10] convert CREATED_TIME field correctly","convertFieldValue","Fri Nov 22 12:15:43 GMT 2024","passed","Fri Nov 22 12:15:43 GMT 2024","","","",""
"","739","CliKintoneTest-42 Should return the error message when importing an unsupported file type.","","Fri Nov 22 12:18:52 GMT 2024","passed","Fri Nov 22 12:18:52 GMT 2024","","CliKintoneTest-42 Should return the error message when importing an unsupported file type.","",""
"","1","[10] convert RADIO_BUTTON field correctly","convertFieldValue","Fri Nov 22 12:15:43 GMT 2024","passed","Fri Nov 22 12:15:43 GMT 2024","","","",""
"","1","should throw error when missing required argument","Record command","Fri Nov 22 12:15:44 GMT 2024","passed","Fri Nov 22 12:15:44 GMT 2024","","Missing required parameters","",""
"","1","should set ""warn"" to the log config level when log-level argument is ""warn""","logHandler","Fri Nov 22 12:15:49 GMT 2024","passed","Fri Nov 22 12:15:49 GMT 2024","","","",""
"","2","should throw error when non-existent field is passed as update key","upsertRecords","Fri Nov 22 12:15:43 GMT 2024","passed","Fri Nov 22 12:15:43 GMT 2024","","","",""
"","4562","CliKintoneTest-30 Should import the records successfully with username and password.","","Fri Nov 22 12:17:38 GMT 2024","passed","Fri Nov 22 12:17:43 GMT 2024","","CliKintoneTest-30 Should import the records successfully with username and password.","",""
"","6413","CliKintoneTest-170 Should not delete the records when pressing Enter (without a specific answer) in the confirmation prompt.","","Fri Nov 22 12:19:21 GMT 2024","passed","Fri Nov 22 12:19:27 GMT 2024","","CliKintoneTest-170 Should not delete the records when pressing Enter (without a specific answer) in the confirmation prompt.","",""
"","6393","CliKintoneTest-124 Should return the record contents successfully, including table data, when exporting the records","","Fri Nov 22 12:19:23 GMT 2024","passed","Fri Nov 22 12:19:29 GMT 2024","","CliKintoneTest-124 Should return the record contents successfully, including table data, when exporting the records","",""
"","5","should convert empty csv string to JSON correctly","parseCsv","Fri Nov 22 12:15:47 GMT 2024","passed","Fri Nov 22 12:15:47 GMT 2024","","","",""
"","1","should throw error when file path is invalid","File Generator functions","Fri Nov 22 12:15:47 GMT 2024","passed","Fri Nov 22 12:15:47 GMT 2024","","","",""
"","110","CliKintoneTest-134 Should return the error message when authorizing with username/password.","","Fri Nov 22 12:17:40 GMT 2024","passed","Fri Nov 22 12:17:40 GMT 2024","","CliKintoneTest-134 Should return the error message when authorizing with username/password.","",""
"","3","should stringify records as csv correctly","stringifier","Fri Nov 22 12:15:49 GMT 2024","passed","Fri Nov 22 12:15:49 GMT 2024","","","",""
"","4670","CliKintoneTest-79 Should return the record contents in CSV format of the app in a space.","","Fri Nov 22 12:17:15 GMT 2024","passed","Fri Nov 22 12:17:19 GMT 2024","","CliKintoneTest-79 Should return the record contents in CSV format of the app in a space.","",""
"","2","should throw error when API response is error","deleteAllRecords","Fri Nov 22 12:15:45 GMT 2024","passed","Fri Nov 22 12:15:45 GMT 2024","","","",""
"","2","formLayout should create schema correctly without system fields on layout","createSchema","Fri Nov 22 12:15:50 GMT 2024","passed","Fri Nov 22 12:15:50 GMT 2024","","","",""
"","3","formLayout should create schema correctly","createSchema","Fri Nov 22 12:15:50 GMT 2024","passed","Fri Nov 22 12:15:50 GMT 2024","","","",""
"","1","should throw error when the record number is mixed","validateRecordNumbers","Fri Nov 22 12:15:45 GMT 2024","passed","Fri Nov 22 12:15:45 GMT 2024","","","",""
"","658","CliKintoneTest-82 Should return the error message when exporting the record with a draft API Token.","","Fri Nov 22 12:17:29 GMT 2024","passed","Fri Nov 22 12:17:29 GMT 2024","","CliKintoneTest-82 Should return the error message when exporting the record with a draft API Token.","",""
"","6","should throw an Error if specified field is in a Table field","userSelected","Fri Nov 22 12:15:44 GMT 2024","passed","Fri Nov 22 12:15:44 GMT 2024","","","",""
"","1","[7] convert RICH_TEXT field correctly","convertFieldValue","Fri Nov 22 12:15:43 GMT 2024","passed","Fri Nov 22 12:15:43 GMT 2024","","","",""
"","2","can get records","getRecords","Fri Nov 22 12:15:42 GMT 2024","passed","Fri Nov 22 12:15:42 GMT 2024","","","",""
"","10088","CliKintoneTest-135 Should delete the specified records successfully by --file-path option.","","Fri Nov 22 12:17:40 GMT 2024","passed","Fri Nov 22 12:17:51 GMT 2024","","CliKintoneTest-135 Should delete the specified records successfully by --file-path option.","",""
"","1","should make the file list unique","sourcelist","Fri Nov 22 12:15:44 GMT 2024","passed","Fri Nov 22 12:15:44 GMT 2024","","","",""
"","1","should set ""fatal"" to the log config level when log-level argument is ""fatal""","logHandler","Fri Nov 22 12:15:49 GMT 2024","passed","Fri Nov 22 12:15:49 GMT 2024","","","",""
"","5315","CliKintoneTest-149 Should delete the records of the app in a guest space.","","Fri Nov 22 12:18:34 GMT 2024","passed","Fri Nov 22 12:18:39 GMT 2024","","CliKintoneTest-149 Should delete the records of the app in a guest space.","",""
"","4492","CliKintoneTest-101 Should return the record contents when exporting the record with --fields specified, including multiple existent field codes.","","Fri Nov 22 12:18:58 GMT 2024","passed","Fri Nov 22 12:19:02 GMT 2024","","CliKintoneTest-101 Should return the record contents when exporting the record with --fields specified, including multiple existent field codes.","",""
"","17","should not be failed","getRecords","Fri Nov 22 12:15:42 GMT 2024","passed","Fri Nov 22 12:15:42 GMT 2024","","","",""
"","1","should set ""trace"" to the log config level when log-level argument is ""trace""","logHandler","Fri Nov 22 12:15:49 GMT 2024","passed","Fri Nov 22 12:15:49 GMT 2024","","","",""
"","736","CliKintoneTest-18 Should return the error message when authorization information is incomplete (password)","","Fri Nov 22 12:17:18 GMT 2024","passed","Fri Nov 22 12:17:19 GMT 2024","","CliKintoneTest-18 Should return the error message when authorization information is incomplete (password)","",""
"","1","[7] convert DROP_DOWN field correctly","convertFieldValue","Fri Nov 22 12:15:43 GMT 2024","passed","Fri Nov 22 12:15:43 GMT 2024","","","",""
"","1","should set ""debug"" to the log config level when log-level argument is ""debug""","logHandler","Fri Nov 22 12:15:49 GMT 2024","passed","Fri Nov 22 12:15:49 GMT 2024","","","",""
"","5","throws for out of range","hex2a","Fri Nov 22 12:15:50 GMT 2024","passed","Fri Nov 22 12:15:50 GMT 2024","","","",""
"","117","CliKintoneTest-11 Should return the error message when lacking the value of --app option","","Fri Nov 22 12:17:14 GMT 2024","passed","Fri Nov 22 12:17:14 GMT 2024","","CliKintoneTest-11 Should return the error message when lacking the value of --app option","",""
"","188","CliKintoneTest-2 Should return the error message when specifying unknown subcommand","","Fri Nov 22 12:17:13 GMT 2024","passed","Fri Nov 22 12:17:13 GMT 2024","","CliKintoneTest-2 Should return the error message when specifying unknown subcommand","",""
"","2","should pass parameters to the apiClient correctly","addRecords","Fri Nov 22 12:15:42 GMT 2024","passed","Fri Nov 22 12:15:42 GMT 2024","","","",""
"","260","can export private key","PrivateKey","Fri Nov 22 12:15:49 GMT 2024","passed","Fri Nov 22 12:15:49 GMT 2024","","","",""
"","124","CliKintoneTest-137 Should return the error message when deleting records with a non-existent file.","","Fri Nov 22 12:17:51 GMT 2024","passed","Fri Nov 22 12:17:51 GMT 2024","","CliKintoneTest-137 Should return the error message when deleting records with a non-existent file.","",""
"","10652","CliKintoneTest-152 Should delete the records successfully with an encoded sjis CSV file, and --encoding option is sjis.","","Fri Nov 22 12:18:51 GMT 2024","passed","Fri Nov 22 12:19:01 GMT 2024","","CliKintoneTest-152 Should delete the records successfully with an encoded sjis CSV file, and --encoding option is sjis.","",""
"","1","[18] convert FILE field correctly","convertFieldValue","Fri Nov 22 12:15:43 GMT 2024","passed","Fri Nov 22 12:15:43 GMT 2024","","","",""
"","786","CliKintoneTest-36 Should return the error message when importing records with a non-existent directory.","","Fri Nov 22 12:18:05 GMT 2024","passed","Fri Nov 22 12:18:06 GMT 2024","","CliKintoneTest-36 Should return the error message when importing records with a non-existent directory.","",""
"","2","should convert csv string with no record to JSON correctly","parseCsv","Fri Nov 22 12:15:47 GMT 2024","passed","Fri Nov 22 12:15:47 GMT 2024","","","",""
"","1","should replace placeholders correctly","Helper functions","Fri Nov 22 12:15:44 GMT 2024","passed","Fri Nov 22 12:15:44 GMT 2024","","replacePlaceholders","",""
"","4598","CliKintoneTest-97 Should return the record contents with valid condition query (-c option).","","Fri Nov 22 12:18:39 GMT 2024","passed","Fri Nov 22 12:18:44 GMT 2024","","CliKintoneTest-97 Should return the record contents with valid condition query (-c option).","",""
"","7","should not throw error","validateRecordNumbers","Fri Nov 22 12:15:45 GMT 2024","passed","Fri Nov 22 12:15:45 GMT 2024","","","",""
"","854","the zip contains 3 files","PluginZip","Fri Nov 22 12:15:47 GMT 2024","passed","Fri Nov 22 12:15:48 GMT 2024","","","",""
"","321","should throw error when an undefined command is passed","main","Fri Nov 22 12:15:46 GMT 2024","passed","Fri Nov 22 12:15:46 GMT 2024","","","",""
"","4563","CliKintoneTest-60 Should import the records successfully with the correct guest space id.","","Fri Nov 22 12:19:58 GMT 2024","passed","Fri Nov 22 12:20:03 GMT 2024","","CliKintoneTest-60 Should import the records successfully with the correct guest space id.","",""
"","29","invalid `fileExists`","validate","Fri Nov 22 12:15:49 GMT 2024","passed","Fri Nov 22 12:15:49 GMT 2024","","","",""
"","3","should display TRACE message when calling logger with ""trace"" level","StandardLogger","Fri Nov 22 12:15:44 GMT 2024","passed","Fri Nov 22 12:15:44 GMT 2024","","","",""
"","2","should convert csv string to JSON correctly (CRLF)","parseCsv","Fri Nov 22 12:15:47 GMT 2024","passed","Fri Nov 22 12:15:47 GMT 2024","","","",""
"","1279","CliKintoneTest-28 Should return the error message when importing records with an API Token without Add permission.","","Fri Nov 22 12:17:34 GMT 2024","passed","Fri Nov 22 12:17:35 GMT 2024","","CliKintoneTest-28 Should return the error message when importing records with an API Token without Add permission.","",""
"","3961","CliKintoneTest-104 Should return the record contents when exporting the record with --fields specified, including field code of the table.","","Fri Nov 22 12:19:05 GMT 2024","passed","Fri Nov 22 12:19:09 GMT 2024","","CliKintoneTest-104 Should return the record contents when exporting the record with --fields specified, including field code of the table.","",""
"","9075","CliKintoneTest-40 Should import the records successfully with .txt attachment.","","Fri Nov 22 12:18:43 GMT 2024","passed","Fri Nov 22 12:18:52 GMT 2024","","CliKintoneTest-40 Should import the records successfully with .txt attachment.","",""
"","2","can generate expected uuid from the private key","PrivateKey","Fri Nov 22 12:15:49 GMT 2024","passed","Fri Nov 22 12:15:49 GMT 2024","","","",""
"","2","empty string","hex2a","Fri Nov 22 12:15:50 GMT 2024","passed","Fri Nov 22 12:15:50 GMT 2024","","","",""
"","3","should create schema correctly","createSchema","Fri Nov 22 12:15:50 GMT 2024","passed","Fri Nov 22 12:15:50 GMT 2024","","","",""
"","4578","CliKintoneTest-81 Should return the record contents in CSV format.","","Fri Nov 22 12:17:24 GMT 2024","passed","Fri Nov 22 12:17:29 GMT 2024","","CliKintoneTest-81 Should return the record contents in CSV format.","",""
"","4200","CliKintoneTest-126 Should return the error message with an API Token without Delete permission.","","Fri Nov 22 12:17:13 GMT 2024","passed","Fri Nov 22 12:17:17 GMT 2024","","CliKintoneTest-126 Should return the error message with an API Token without Delete permission.","",""
"","3132","CliKintoneTest-125 Should return only field codes when exporting the records of the app which no data","","Fri Nov 22 12:19:29 GMT 2024","passed","Fri Nov 22 12:19:32 GMT 2024","","CliKintoneTest-125 Should return only field codes when exporting the records of the app which no data","",""
"","2","should upsert records correctly with record number on kintone has app code","upsertRecords","Fri Nov 22 12:15:43 GMT 2024","passed","Fri Nov 22 12:15:43 GMT 2024","","","",""
"","3","should pass (input: 1, appCode: , result: false)","hasAppCode","Fri Nov 22 12:15:49 GMT 2024","passed","Fri Nov 22 12:15:49 GMT 2024","","","",""
"","3","should return a file list including the manifest","sourcelist","Fri Nov 22 12:15:44 GMT 2024","passed","Fri Nov 22 12:15:44 GMT 2024","","","",""
"","0","[12] convert MULTI_SELECT field correctly","convertFieldValue","Fri Nov 22 12:15:43 GMT 2024","passed","Fri Nov 22 12:15:43 GMT 2024","","","",""
"","699","CliKintoneTest-19 Should return the error message when incorrect authorization information (password)","","Fri Nov 22 12:17:19 GMT 2024","passed","Fri Nov 22 12:17:19 GMT 2024","","CliKintoneTest-19 Should return the error message when incorrect authorization information (password)","",""
"","1731","CliKintoneTest-83 Should return the error message when exporting the record with a non-relevant API Token.","","Fri Nov 22 12:17:29 GMT 2024","passed","Fri Nov 22 12:17:31 GMT 2024","","CliKintoneTest-83 Should return the error message when exporting the record with a non-relevant API Token.","",""
"","","can download files including special characters","getRecords","Fri Nov 22 12:15:42 GMT 2024","skipped","","","","",""
"","3","should upload files correctly when attachmentsDir is given and with subtable","addRecords","Fri Nov 22 12:15:42 GMT 2024","passed","Fri Nov 22 12:15:42 GMT 2024","","","",""
"","10462","CliKintoneTest-37 Should import the records successfully with multiple attachments on a field.","","Fri Nov 22 12:18:06 GMT 2024","passed","Fri Nov 22 12:18:17 GMT 2024","","CliKintoneTest-37 Should import the records successfully with multiple attachments on a field.","",""
"","2","should return error message","DeleteAllRecordsError","Fri Nov 22 12:15:49 GMT 2024","passed","Fri Nov 22 12:15:49 GMT 2024","","","",""
"","1","toStringCause should output the correct sentence. (inner: KintoneAllRecordsError)","CliKintoneError","Fri Nov 22 12:15:43 GMT 2024","passed","Fri Nov 22 12:15:43 GMT 2024","","","",""
"","1","should throw error when the record number is not exists","validateRecordNumbers","Fri Nov 22 12:15:45 GMT 2024","passed","Fri Nov 22 12:15:45 GMT 2024","","","",""
"","1","should throw error when the record number is empty","validateRecordNumbers","Fri Nov 22 12:15:45 GMT 2024","passed","Fri Nov 22 12:15:45 GMT 2024","","","",""
"","4072","CliKintoneTest-23 Should import the records with API Token successfully.","","Fri Nov 22 12:17:13 GMT 2024","passed","Fri Nov 22 12:17:17 GMT 2024","","CliKintoneTest-23 Should import the records with API Token successfully.","",""
"","7","should throw error when required columns are not found","Helper functions","Fri Nov 22 12:15:44 GMT 2024","passed","Fri Nov 22 12:15:44 GMT 2024","","validateRequireColumnsInTable","",""
"","6","should not fail","deleteRecords","Fri Nov 22 12:15:45 GMT 2024","passed","Fri Nov 22 12:15:45 GMT 2024","","","",""
"","1","should throw with invalid error (input: Hoge-123, appCode: )","hasAppCode","Fri Nov 22 12:15:49 GMT 2024","passed","Fri Nov 22 12:15:49 GMT 2024","","","",""
"","4","should throw error when generating unsupported file extension","File Generator functions","Fri Nov 22 12:15:47 GMT 2024","passed","Fri Nov 22 12:15:47 GMT 2024","","","",""
"","688","CliKintoneTest-15 Should return the error message when the API token is incorrect","","Fri Nov 22 12:17:17 GMT 2024","passed","Fri Nov 22 12:17:17 GMT 2024","","CliKintoneTest-15 Should return the error message when the API token is incorrect","",""
"","1392","CliKintoneTest-166 Should return the warning message when the specified app does not have any records.","","Fri Nov 22 12:19:02 GMT 2024","passed","Fri Nov 22 12:19:04 GMT 2024","","CliKintoneTest-166 Should return the warning message when the specified app does not have any records.","",""
"","1","[8] convert CALC field correctly","convertFieldValue","Fri Nov 22 12:15:43 GMT 2024","passed","Fri Nov 22 12:15:43 GMT 2024","","","",""
"","664","CliKintoneTest-27 Should return the error message when importing records with valid and invalid API Tokens.","","Fri Nov 22 12:17:33 GMT 2024","passed","Fri Nov 22 12:17:34 GMT 2024","","CliKintoneTest-27 Should return the error message when importing records with valid and invalid API Tokens.","",""
"","1","should pass information of client certificate and proxy server to the apiClient correctly","api","Fri Nov 22 12:15:42 GMT 2024","passed","Fri Nov 22 12:15:42 GMT 2024","","","",""
"","1","[16] convert DATE field correctly","convertFieldValue","Fri Nov 22 12:15:43 GMT 2024","passed","Fri Nov 22 12:15:43 GMT 2024","","","",""
"","1","should show progress logs correctly with aborting","ProgressLogger","Fri Nov 22 12:15:45 GMT 2024","passed","Fri Nov 22 12:15:45 GMT 2024","","","",""
"","1","userSelected should create schema correctly","createSchema","Fri Nov 22 12:15:50 GMT 2024","passed","Fri Nov 22 12:15:50 GMT 2024","","","",""
"","2","should convert csv string to JSON correctly (CR)","parseCsv","Fri Nov 22 12:15:47 GMT 2024","passed","Fri Nov 22 12:15:47 GMT 2024","","","",""
"","3","should upsert records with correct order","upsertRecords","Fri Nov 22 12:15:43 GMT 2024","passed","Fri Nov 22 12:15:43 GMT 2024","","","",""
"","1","[24] convert ORGANIZATION_SELECT field correctly","convertFieldValue","Fri Nov 22 12:15:43 GMT 2024","passed","Fri Nov 22 12:15:43 GMT 2024","","","",""
"","29","invalid `maxFileSize`","validate","Fri Nov 22 12:15:49 GMT 2024","passed","Fri Nov 22 12:15:49 GMT 2024","","","",""
"","1","should return error message","UpsertRecordsError","Fri Nov 22 12:15:45 GMT 2024","passed","Fri Nov 22 12:15:45 GMT 2024","","","",""
"","2","should stringify records as csv correctly (iterative)","stringifier","Fri Nov 22 12:15:49 GMT 2024","passed","Fri Nov 22 12:15:49 GMT 2024","","","",""
"","2","should generate fieldCode array correctly (data without subtable)","buildHeaderFields","Fri Nov 22 12:15:45 GMT 2024","passed","Fri Nov 22 12:15:45 GMT 2024","","","",""
"","685","CliKintoneTest-110 Should return the error message when exporting the record with incorrect --guest-space-id","","Fri Nov 22 12:19:13 GMT 2024","passed","Fri Nov 22 12:19:14 GMT 2024","","CliKintoneTest-110 Should return the error message when exporting the record with incorrect --guest-space-id","",""
"","10719","CliKintoneTest-139 Should delete the records of the app in which the Record_number field code has been changed.","","Fri Nov 22 12:17:52 GMT 2024","passed","Fri Nov 22 12:18:02 GMT 2024","","CliKintoneTest-139 Should delete the records of the app in which the Record_number field code has been changed.","",""
"","1","[4] convert SINGLE_LINE_TEXT field correctly","convertFieldValue","Fri Nov 22 12:15:43 GMT 2024","passed","Fri Nov 22 12:15:43 GMT 2024","","","",""
"","7","should upsert records correctly with record number","upsertRecords","Fri Nov 22 12:15:43 GMT 2024","passed","Fri Nov 22 12:15:43 GMT 2024","","","",""
"","2","should generate CSV row correctly","Helper functions","Fri Nov 22 12:15:44 GMT 2024","passed","Fri Nov 22 12:15:44 GMT 2024","","generateCsvRow","",""
"","12789","CliKintoneTest-75 Should delete attachments successfully when upserting records without the attachment field.","","Fri Nov 22 12:20:15 GMT 2024","passed","Fri Nov 22 12:20:28 GMT 2024","","CliKintoneTest-75 Should delete attachments successfully when upserting records without the attachment field.","",""
"","6","should convert kintone records to csv string correctly","csvStringifier","Fri Nov 22 12:15:45 GMT 2024","passed","Fri Nov 22 12:15:45 GMT 2024","","","",""
"","5850","CliKintoneTest-167 Should not delete the records when specifying ""N"" in the confirmation prompt.","","Fri Nov 22 12:19:04 GMT 2024","passed","Fri Nov 22 12:19:09 GMT 2024","","CliKintoneTest-167 Should not delete the records when specifying ""N"" in the confirmation prompt.","",""
"","5","should upsert records correctly with record numbers on local and kintone have app code","upsertRecords","Fri Nov 22 12:15:43 GMT 2024","passed","Fri Nov 22 12:15:43 GMT 2024","","","",""
"","1","[26] convert GROUP_SELECT field correctly","convertFieldValue","Fri Nov 22 12:15:43 GMT 2024","passed","Fri Nov 22 12:15:43 GMT 2024","","","",""
"","4","should return the arguments list of the record export correctly","Record - Subcommand","Fri Nov 22 12:15:45 GMT 2024","passed","Fri Nov 22 12:15:45 GMT 2024","","getArgumentsListBySubcommand","",""
"","9451","CliKintoneTest-35 Should import the records successfully with attachment.","","Fri Nov 22 12:17:56 GMT 2024","passed","Fri Nov 22 12:18:05 GMT 2024","","CliKintoneTest-35 Should import the records successfully with attachment.","",""
"","8699","CliKintoneTest-92 Should return the record contents and download attachments successfully with attachments in different records.","","Fri Nov 22 12:18:05 GMT 2024","passed","Fri Nov 22 12:18:14 GMT 2024","","CliKintoneTest-92 Should return the record contents and download attachments successfully with attachments in different records.","",""
"","1","missing field value","fieldInSubtableReader","Fri Nov 22 12:15:45 GMT 2024","passed","Fri Nov 22 12:15:45 GMT 2024","","","",""
"","1","[15] convert DATE field correctly","convertFieldValue","Fri Nov 22 12:15:43 GMT 2024","passed","Fri Nov 22 12:15:43 GMT 2024","","","",""
"","0","[21] convert USER_SELECT field correctly","convertFieldValue","Fri Nov 22 12:15:43 GMT 2024","passed","Fri Nov 22 12:15:43 GMT 2024","","","",""
"","12","should pass parameters to the apiClient correctly (with orderBy)","getAllRecords","Fri Nov 22 12:15:44 GMT 2024","passed","Fri Nov 22 12:15:44 GMT 2024","","","",""
"","760","CliKintoneTest-6 Should return the error message when the baseUrl is non-existent subdomain","","Fri Nov 22 12:17:13 GMT 2024","passed","Fri Nov 22 12:17:14 GMT 2024","","CliKintoneTest-6 Should return the error message when the baseUrl is non-existent subdomain","",""
"","657","CliKintoneTest-130 Should return the error message when deleting the record with a draft API Token.","","Fri Nov 22 12:17:33 GMT 2024","passed","Fri Nov 22 12:17:34 GMT 2024","","CliKintoneTest-130 Should return the error message when deleting the record with a draft API Token.","",""
"","1","should throw with invalid error (input: Hoge-123, appCode: App)","hasAppCode","Fri Nov 22 12:15:49 GMT 2024","passed","Fri Nov 22 12:15:49 GMT 2024","","","",""
"","4509","CliKintoneTest-112 Should return the record contents when exporting the record with --encoding option is sjis.","","Fri Nov 22 12:19:18 GMT 2024","passed","Fri Nov 22 12:19:23 GMT 2024","","CliKintoneTest-112 Should return the record contents when exporting the record with --encoding option is sjis.","",""
"","652","CliKintoneTest-14 Should return the error message when no authorized information","","Fri Nov 22 12:17:16 GMT 2024","passed","Fri Nov 22 12:17:17 GMT 2024","","CliKintoneTest-14 Should return the error message when no authorized information","",""
"","1","should be constructed with CsvError","ParserError","Fri Nov 22 12:15:50 GMT 2024","passed","Fri Nov 22 12:15:50 GMT 2024","","","",""
"","4496","CliKintoneTest-80 Should return the record contents in CSV format with an invalid --api-token and a valid --username/--password.","","Fri Nov 22 12:17:19 GMT 2024","passed","Fri Nov 22 12:17:24 GMT 2024","","CliKintoneTest-80 Should return the record contents in CSV format with an invalid --api-token and a valid --username/--password.","",""
"","1","empty field value","fieldInSubtableReader","Fri Nov 22 12:15:45 GMT 2024","passed","Fri Nov 22 12:15:45 GMT 2024","","","",""
"","1","[2] convert MODIFIER field correctly","convertFieldValue","Fri Nov 22 12:15:43 GMT 2024","passed","Fri Nov 22 12:15:43 GMT 2024","","","",""
"","1","[5] convert RICH_TEXT field correctly","convertFieldValue","Fri Nov 22 12:15:43 GMT 2024","passed","Fri Nov 22 12:15:43 GMT 2024","","","",""
"","4508","CliKintoneTest-52 Should import the records successfully with --fields specified multiple existent field codes.","","Fri Nov 22 12:19:46 GMT 2024","passed","Fri Nov 22 12:19:50 GMT 2024","","CliKintoneTest-52 Should import the records successfully with --fields specified multiple existent field codes.","",""
"","1","should throw error when the record number is duplicated","validateRecordNumbers","Fri Nov 22 12:15:45 GMT 2024","passed","Fri Nov 22 12:15:45 GMT 2024","","","",""
"","1","should display the correct log message corresponding to the log config level","StandardLogger","Fri Nov 22 12:15:44 GMT 2024","passed","Fri Nov 22 12:15:44 GMT 2024","","","",""
"","1","should pass guestSpaceId to the apiClient correctly","api","Fri Nov 22 12:15:42 GMT 2024","passed","Fri Nov 22 12:15:42 GMT 2024","","","",""
"","","can download files including special characters in subTable","getRecords","Fri Nov 22 12:15:42 GMT 2024","skipped","","","","",""
"","1","[19] convert FILE field correctly","convertFieldValue","Fri Nov 22 12:15:43 GMT 2024","passed","Fri Nov 22 12:15:43 GMT 2024","","","",""
"","2","should return parsed string","parseKintoneRestAPIError","Fri Nov 22 12:15:44 GMT 2024","passed","Fri Nov 22 12:15:44 GMT 2024","","","",""
"","1","alphabet","hex2a","Fri Nov 22 12:15:50 GMT 2024","passed","Fri Nov 22 12:15:50 GMT 2024","","","",""
"","5163","CliKintoneTest-132 Should delete records of specified app successfully with two valid API Tokens in different apps.","","Fri Nov 22 12:17:35 GMT 2024","passed","Fri Nov 22 12:17:40 GMT 2024","","CliKintoneTest-132 Should delete records of specified app successfully with two valid API Tokens in different apps.","",""
"","4021","CliKintoneTest-109 Should return the record contents when exporting the record with correct --guest-space-id specified","","Fri Nov 22 12:19:09 GMT 2024","passed","Fri Nov 22 12:19:13 GMT 2024","","CliKintoneTest-109 Should return the record contents when exporting the record with correct --guest-space-id specified","",""
"","5","should convert subtable included csv string to JSON correctly","parseCsv","Fri Nov 22 12:15:47 GMT 2024","passed","Fri Nov 22 12:15:47 GMT 2024","","","",""
"","3","should show warning message if there is no records exist in the app or match the condition.","getRecords","Fri Nov 22 12:15:42 GMT 2024","passed","Fri Nov 22 12:15:42 GMT 2024","","","",""
"","4566","CliKintoneTest-31 Should import the records successfully with username (-u option) and password.","","Fri Nov 22 12:17:43 GMT 2024","passed","Fri Nov 22 12:17:47 GMT 2024","","CliKintoneTest-31 Should import the records successfully with username (-u option) and password.","",""
"","1","should return the correct record number from CSV with subtable","parseCsv","Fri Nov 22 12:15:50 GMT 2024","passed","Fri Nov 22 12:15:50 GMT 2024","","","",""
"","0","[28] convert SUBTABLE field correctly","convertFieldValue","Fri Nov 22 12:15:43 GMT 2024","passed","Fri Nov 22 12:15:43 GMT 2024","","","",""
"","3","should throw error when API response is error","getRecords","Fri Nov 22 12:15:42 GMT 2024","passed","Fri Nov 22 12:15:42 GMT 2024","","","",""
"","4999","CliKintoneTest-98 Should return the record contents with valid --order-by option.","","Fri Nov 22 12:18:44 GMT 2024","passed","Fri Nov 22 12:18:49 GMT 2024","","CliKintoneTest-98 Should return the record contents with valid --order-by option.","",""
"","1","should set ""info"" to the log config level when log-level argument is ""info""","logHandler","Fri Nov 22 12:15:49 GMT 2024","passed","Fri Nov 22 12:15:49 GMT 2024","","","",""
"","1","toStringCause should output the correct sentence. (inner: KintoneRestAPIError)","CliKintoneError","Fri Nov 22 12:15:43 GMT 2024","passed","Fri Nov 22 12:15:43 GMT 2024","","","",""
"","1","[1] convert CREATED_TIME field correctly","convertFieldValue","Fri Nov 22 12:15:43 GMT 2024","passed","Fri Nov 22 12:15:43 GMT 2024","","","",""
"","1","number","hex2a","Fri Nov 22 12:15:50 GMT 2024","passed","Fri Nov 22 12:15:50 GMT 2024","","","",""
"","1","should throw an Error if specified field is not supported","userSelected","Fri Nov 22 12:15:45 GMT 2024","passed","Fri Nov 22 12:15:45 GMT 2024","","","",""
"","1","[9] convert UPDATED_TIME field correctly","convertFieldValue","Fri Nov 22 12:15:43 GMT 2024","passed","Fri Nov 22 12:15:43 GMT 2024","","","",""
"","1","should return the arguments list of the record delete correctly","Record - Subcommand","Fri Nov 22 12:15:45 GMT 2024","passed","Fri Nov 22 12:15:45 GMT 2024","","getArgumentsListBySubcommand","",""
"","0","[27] convert CATEGORY field correctly","convertFieldValue","Fri Nov 22 12:15:43 GMT 2024","passed","Fri Nov 22 12:15:43 GMT 2024","","","",""
"","0","should display ERROR message when calling logger with ""error"" level","StandardLogger","Fri Nov 22 12:15:44 GMT 2024","passed","Fri Nov 22 12:15:44 GMT 2024","","","",""
"","1","should pass (input: 123, appCode: App, result: false)","hasAppCode","Fri Nov 22 12:15:49 GMT 2024","passed","Fri Nov 22 12:15:49 GMT 2024","","","",""
"","1","[8] convert LINK field correctly","convertFieldValue","Fri Nov 22 12:15:43 GMT 2024","passed","Fri Nov 22 12:15:43 GMT 2024","","","",""
"","1","should return error message","DeleteRecordsError","Fri Nov 22 12:15:49 GMT 2024","passed","Fri Nov 22 12:15:49 GMT 2024","","","",""
"","7","can read sjis encoded csv file correctly","readFile","Fri Nov 22 12:15:49 GMT 2024","passed","Fri Nov 22 12:15:49 GMT 2024","","","",""
"","3135","CliKintoneTest-140 Should return the error message when deleting records with non-existent record number.","","Fri Nov 22 12:18:02 GMT 2024","passed","Fri Nov 22 12:18:05 GMT 2024","","CliKintoneTest-140 Should return the error message when deleting records with non-existent record number.","",""
"","3","should pass username and password to the apiClient correctly","api","Fri Nov 22 12:15:42 GMT 2024","passed","Fri Nov 22 12:15:42 GMT 2024","","","",""
"","1","upper case is out of range","hex2a","Fri Nov 22 12:15:50 GMT 2024","passed","Fri Nov 22 12:15:50 GMT 2024","","","",""
"","1","can iterate from data source with next value","withNextIterator","Fri Nov 22 12:15:43 GMT 2024","passed","Fri Nov 22 12:15:43 GMT 2024","","","",""
"","5430","CliKintoneTest-127 Should delete the records of the app in a space.","","Fri Nov 22 12:17:17 GMT 2024","passed","Fri Nov 22 12:17:22 GMT 2024","","CliKintoneTest-127 Should delete the records of the app in a space.","",""
